24 01 2021 1900
48
Cape-Reinga	186	38	20.4	16.2	990.7	1015.5
Kaitaia	203	59	20.6	17.3	1006.5	1015.5
Kerikeri	216	63	20.9	16.7	997.1	1014.7
Whangarei	239	89	22	17.3	1009.2	1013.9
Mokohinau-Islands	251	89	19.7	18	1005	1013.2
Auckland	249	133	21.9	18.2	1011.8	1012.6
Whitianga	275	128	23.2	15.2	1010.5	1011
Hamilton	261	163	21.2	14.3	1005.2	1011.3
Tauranga	288	161	24.2	13.4	1008.7	1009.1
Hicks-Bay	346	156	22.9	17	1002.1	1007.3
Port-Taharoa	246	174	20	15.2	1009.6	1012.4
Taupo	282	189	20.2	13.8	962.1	1008.8
Gisborne	339	198	25	14.7	1005.4	1005.9
New-Plymouth	228	208	18.1	14.6	1008	1011.5
Hawera	231	227	18.2	13.4	999.4	1011
Whanganui	248	239	19.4	9.5	1008.8	1009.8
Waiouru	265	214	17.2	7.9	917.5	-999
Napier	307	226	26.7	7.6	1005.2	1005.4
Mahia	336	216	25	12.1	990.5	1005.9
Palmerston-North	270	256	17.3	11.8	1003.9	1009.4
Levin	261	264	16.9	12.2	1008	1009.6
Paraparaumu	254	279	16.9	12.2	1007.9	1008.6
Wellington	246	291	17.6	12.5	1004	1005.5
Ngawi	259	302	22	8	1002.4	1003.1
Castlepoint	285	276	17.8	10.8	989.6	1003.4
Westport	158	308	17	11.1	1012.1	1012.6
Farewell-Spit	191	262	16.5	10.5	1006.7	1007.1
Nelson	202	290	21	9.2	1006	1006.6
Stephens-Island	225	265	14.9	12.3	984.5	1006.5
Cape-Campbell	231	309	16.8	13.5	1001	1001.6
Hokitika	149	330	14.8	10.4	1006.7	1012.2
Kaikoura	213	330	18.8	13.2	989.7	1002.2
Haast	90	386	12.8	12.3	1010.6	1010.7
Milford-Sound	57	417	15.6	12.7	1007.9	1008.3
Mount-Cook	118	379	15.8	4.1	930.4	-999
Tara-Hills	124	455	19.3	5.5	947.6	1002.8
Timaru	150	399	25.1	7.3	998	1001.1
Christchurch	186	374	26.2	6.8	996.7	1001
Le-Bons-Bay	198	381	21	9.7	973.9	1001
Secretary-Island	36	443	14.2	13.3	1006.7	1008.8
Puysegur-Point	32	478	13.1	11.5	1000.6	1005.8
Queenstown	84	430	21	7.2	961.1	1001.8
Invercargill	76	483	14.6	9.3	1002.6	1002.7
Nugget-Point	113	484	13.4	10	985	1000.5
Dunedin	131	462	16.9	11.8	1001.3	1001.6
South-West-Cape	55	517	10.5	7.1	988.7	1001
Enderby-Island	42	633	9.2	5.7	985.5	990.2
Campbell-Island	107	709	7.8	5.5	980	981.8
24 01 2021 2200
48
Cape-Reinga	186	38	17.6	16.7	991.8	1016.9
Kaitaia	203	59	19.8	18	1007.3	1016.3
Kerikeri	216	63	19.2	17.2	998	1015.6
Whangarei	239	89	20.7	17.9	1010	1014.8
Mokohinau-Islands	251	89	19.8	17.7	1005.9	1014.1
Auckland	249	133	19.5	16.8	1012.8	1013.7
Whitianga	275	128	19.9	14.3	1012.1	1012.6
Hamilton	261	163	15.9	13.1	1006.8	1013.1
Tauranga	288	161	19.9	13.1	1010.4	1010.8
Hicks-Bay	346	156	21.1	14.7	1002.9	1008.1
Port-Taharoa	246	174	18.1	14.2	1010.6	1013.5
Taupo	282	189	16.9	12.1	963.6	1010.9
Gisborne	339	198	19.1	15.3	1006.8	1007.3
New-Plymouth	228	208	16	14.1	1009.3	1012.8
Hawera	231	227	15	13	999.9	1011.7
Whanganui	248	239	16.8	10	1010.2	1011.2
Waiouru	265	214	10.7	6.9	918.7	-999
Napier	307	226	22.7	5.8	1006.5	1006.8
Mahia	336	216	19.8	15	991.5	1007.2
Palmerston-North	270	256	15.5	11.8	1004.9	1010.4
Levin	261	264	16.2	12.6	1008.4	1010
Paraparaumu	254	279	16.2	11.8	1008.1	1008.8
Wellington	246	291	16.3	12.1	1004.4	1005.9
Ngawi	259	302	20.7	8.3	1002.9	1003.6
Castlepoint	285	276	16.2	11.2	988.6	1002.5
Westport	158	308	13.8	10.9	1012.6	1013.1
Farewell-Spit	191	262	15.7	10.9	1009	1009.4
Nelson	202	290	18.3	9.5	1007.7	1008.3
Stephens-Island	225	265	15.8	12.4	985	1006.9
Cape-Campbell	231	309	17	13.7	1002.9	1003.5
Hokitika	149	330	12.7	11.9	1007.3	1012.9
Kaikoura	213	330	17.8	10.2	991.1	1003.6
Haast	90	386	13.2	12.9	1011.1	1011.2
Milford-Sound	57	417	14.6	12.7	1009.2	1009.6
Mount-Cook	118	379	15.6	5	931.7	-999
Tara-Hills	124	455	15.6	6.5	949.1	1005.1
Timaru	150	399	13.4	11.3	1002	1005.3
Christchurch	186	374	20.1	6.5	998.9	1003.3
Le-Bons-Bay	198	381	20.6	6.9	976	1003.2
Secretary-Island	36	443	13.9	13	1007.2	1009.3
Puysegur-Point	32	478	13.3	12.1	1001.3	1006.5
Queenstown	84	430	18.5	6.4	963.1	1004.2
Invercargill	76	483	13.8	9.5	1003.3	1003.4
Nugget-Point	113	484	12.6	8.9	986.9	1002.5
Dunedin	131	462	13	10.2	1002.8	1003.1
South-West-Cape	55	517	10.7	-999	989	1001.3
Enderby-Island	42	633	9	4.8	985.8	990.5
Campbell-Island	107	709	7.5	5.9	980.8	982.6
25 01 2021 100
47
Cape-Reinga	186	38	18	17.5	991.8	1016.8
Kaitaia	203	59	19.5	18.6	1006.9	1015.9
Kerikeri	216	63	19	17.3	997.6	1015.2
Whangarei	239	89	20.1	17.8	1009.6	1014.4
Mokohinau-Islands	251	89	19.6	17	1005.2	1013.4
Auckland	249	133	18.4	15.7	1012.4	1013.3
Whitianga	275	128	18.2	13.6	1011.7	1012.2
Hamilton	261	163	14.1	12.5	1006.1	1012.4
Tauranga	288	161	17.5	12.3	1010.6	1011
Hicks-Bay	346	156	21.5	13.6	1002	1007.2
Port-Taharoa	246	174	17.7	14	1009.9	1012.8
Taupo	282	189	14.6	11.2	963	1010.7
Gisborne	339	198	18.7	14.6	1006.9	1007.4
New-Plymouth	228	208	15.5	13.1	1008.6	1012.1
Hawera	231	227	14.1	12.1	999.6	1011.4
Whanganui	248	239	15.6	10.8	1010	1011
Waiouru	265	214	10.9	4.9	918	-999
Napier	307	226	20.7	4.3	1006.5	1006.8
Mahia	336	216	18.4	10	991.6	1007.4
Palmerston-North	270	256	14.9	11.9	1004.2	1009.7
Levin	261	264	15.7	12.8	1008.4	1010
Paraparaumu	254	279	16	13.2	1007.6	1008.3
Wellington	246	291	16.3	12	1005.3	1006.8
Ngawi	259	302	19.9	8.6	1004.5	1005.2
Castlepoint	285	276	15.6	10.8	988.8	1002.7
Westport	158	308	14	11.5	1012.6	1013.1
Farewell-Spit	191	262	14.5	10.7	1009.3	1009.7
Nelson	202	290	17.6	8.4	1007.8	1008.4
Stephens-Island	225	265	15.5	12.6	984.3	1006.2
Cape-Campbell	231	309	16.4	11.9	1004.5	1005.1
Hokitika	149	330	12.1	12	1007.4	1013
Kaikoura	213	330	19.2	5.6	992.4	1004.9
Haast	90	386	13	12.7	1012	1012.1
Milford-Sound	57	417	14.3	12.4	1010.1	1010.5
Mount-Cook	118	379	16	5.2	931.8	-999
Tara-Hills	124	455	16.1	7.3	949.4	1005.3
Timaru	150	399	13.8	11.2	1002.5	1005.8
Christchurch	186	374	13.5	11.6	1001.1	1005.6
Le-Bons-Bay	198	381	12.1	11.2	977.9	1006
Secretary-Island	36	443	14.2	13.2	1007.9	1010
Puysegur-Point	32	478	13.2	11.9	1001.4	1006.6
Queenstown	84	430	18	7.5	963.4	1004.6
Invercargill	76	483	14.1	10.8	1003.5	1003.6
Nugget-Point	113	484	12.5	9.5	987.3	1002.9
Dunedin	131	462	9.6	8.5	1003.5	1003.8
Enderby-Island	42	633	8.1	5.5	986.8	991.5
Campbell-Island	107	709	7	4.5	980.5	982.3
25 01 2021 400
48
Cape-Reinga	186	38	18.3	18.2	990.1	1015.1
Kaitaia	203	59	19.5	19.2	1005.4	1014.4
Kerikeri	216	63	18.6	17.3	996.5	1014.1
Whangarei	239	89	19.7	17	1008.5	1013.3
Mokohinau-Islands	251	89	19	15.9	1004.9	1013.1
Auckland	249	133	17.6	15	1011.4	1012.3
Whitianga	275	128	17.4	13.5	1011	1011.5
Hamilton	261	163	12.2	10.8	1005.6	1011.9
Tauranga	288	161	16.8	12.5	1009.7	1010.1
Hicks-Bay	346	156	18.1	13.1	1001.5	1006.8
Port-Taharoa	246	174	17.6	13.5	1009.8	1012.7
Taupo	282	189	13.8	10.9	962.4	1010.2
Gisborne	339	198	15.1	12.5	1006.2	1006.7
New-Plymouth	228	208	15.1	12.6	1008.1	1011.6
Hawera	231	227	14.1	12.5	1000.3	1012.1
Whanganui	248	239	15.3	11.4	1010	1011
Waiouru	265	214	8.3	8.2	918.1	-999
Napier	307	226	17.8	5.8	1007.1	1007.4
Mahia	336	216	17.8	11	990.8	1006.6
Palmerston-North	270	256	14.1	11.8	1004.7	1010.2
Levin	261	264	15.3	12.8	1008.1	1009.7
Paraparaumu	254	279	15	13	1008.1	1008.7
Wellington	246	291	15.8	12.3	1005.7	1007.2
Ngawi	259	302	19.5	8.1	1005	1005.7
Castlepoint	285	276	15.5	11.2	991.8	1005.8
Westport	158	308	13.6	12.4	1012.6	1013.1
Farewell-Spit	191	262	14.3	10.1	1009.2	1009.6
Nelson	202	290	16.6	8.6	1008.2	1008.8
Stephens-Island	225	265	15.2	12.1	985.7	1007.7
Cape-Campbell	231	309	16.1	13.5	1005.5	1006.1
Hokitika	149	330	12.1	12.1	1006.7	1012.3
Kaikoura	213	330	15.3	11.3	993.3	1006
Haast	90	386	13.3	13	1010.9	1011
Milford-Sound	57	417	14.1	12.7	1009.3	1009.7
Mount-Cook	118	379	16.7	3.7	931	-999
Tara-Hills	124	455	15.9	5.1	948.6	1004.5
Timaru	150	399	9.5	8.7	1001.4	1004.7
Christchurch	186	374	10.5	10.2	1001	1005.5
Le-Bons-Bay	198	381	11.4	10.2	977.9	1006
Secretary-Island	36	443	13.9	12.9	1007	1009.1
Puysegur-Point	32	478	14	12.1	1000	1005.2
Queenstown	84	430	18.7	4.7	963.3	1004.4
Invercargill	76	483	14.5	11.2	1002.9	1003
Nugget-Point	113	484	12.6	10.7	987	1002.6
Dunedin	131	462	10.7	10.5	1002.7	1003
South-West-Cape	55	517	9.7	-999	988.6	1000.9
Enderby-Island	42	633	8.5	4.3	985.9	990.6
Campbell-Island	107	709	7.3	4.9	979.2	981
25 01 2021 700
47
Cape-Reinga	186	38	18.2	18.2	990.9	1015.9
Kaitaia	203	59	19.3	18.4	1006.3	1015.3
Kerikeri	216	63	18.9	17.4	997.2	1014.8
Whangarei	239	89	19.6	17.3	1009.6	1014.4
Mokohinau-Islands	251	89	18.8	15.6	1005.9	1014.1
Auckland	249	133	17.9	14.4	1012.4	1013.3
Whitianga	275	128	17.8	13.2	1012	1012.5
Hamilton	261	163	11.3	10.6	1006.5	1012.9
Tauranga	288	161	16.4	12.4	1010.7	1011.1
Hicks-Bay	346	156	19.2	12.2	1002.2	1007.4
Port-Taharoa	246	174	17.2	13.3	1010.2	1013.1
Taupo	282	189	15.1	9.4	963.2	1010.8
Gisborne	339	198	13.5	12.7	1008.2	1008.7
New-Plymouth	228	208	11.8	10.7	1009.2	1012.8
Hawera	231	227	14.2	13	1000.6	1012.4
Whanganui	248	239	15.8	11.4	1010.7	1011.7
Waiouru	265	214	8.5	7.3	918.3	-999
Napier	307	226	17.4	8.1	1008.3	1008.6
Mahia	336	216	17.1	11.9	992.7	1008.6
Palmerston-North	270	256	14.6	12.2	1005.5	1011
Levin	261	264	15	12.9	1008.7	1010.3
Paraparaumu	254	279	15.4	12.7	1008.8	1009.4
Wellington	246	291	15.6	11.9	1006.8	1008.3
Ngawi	259	302	17.5	8.3	1006.1	1006.8
Castlepoint	285	276	15.1	11.5	993.4	1007.4
Westport	158	308	12.3	11.3	1012.5	1013
Farewell-Spit	191	262	14.6	11.1	1009.6	1010
Nelson	202	290	16.1	8.7	1008.7	1009.3
Stephens-Island	225	265	16.2	11.3	986.5	1008.4
Cape-Campbell	231	309	15.4	10.8	1006.1	1006.7
Hokitika	149	330	13.5	13.4	1006.6	1012.2
Kaikoura	213	330	14.4	13.1	994	1006.7
Haast	90	386	13.5	13.3	1010.7	1010.8
Milford-Sound	57	417	14.1	13.1	1008.8	1009.2
Mount-Cook	118	379	16.2	6.3	931.2	-999
Tara-Hills	124	455	16.5	5.2	948.3	1004.1
Timaru	150	399	10.5	10.4	1000.4	1003.7
Christchurch	186	374	12.8	11.8	1000.9	1005.4
Le-Bons-Bay	198	381	11.7	11	977.7	1005.8
Secretary-Island	36	443	14	13.1	1006.4	1008.5
Puysegur-Point	32	478	14.3	12.8	1000.5	1005.7
Queenstown	84	430	18.6	6.4	963.1	1004.2
Invercargill	76	483	15.8	11.2	1003.1	1003.2
Nugget-Point	113	484	13.3	11.1	987.2	1002.7
Dunedin	131	462	9.9	9.7	1002.7	1003
Enderby-Island	42	633	8.5	4.7	987	991.7
Campbell-Island	107	709	6.8	4.6	979.3	981.1
25 01 2021 1000
48
Cape-Reinga	186	38	20.1	18.6	991.7	1016.6
Kaitaia	203	59	20.9	18.6	1006.7	1015.7
Kerikeri	216	63	22.4	17	997.5	1015
Whangarei	239	89	22.3	16.3	1010	1014.7
Mokohinau-Islands	251	89	20.2	15.3	1006.1	1014.2
Auckland	249	133	21	15.1	1013.3	1014.2
Whitianga	275	128	21.2	13.2	1012.3	1012.8
Hamilton	261	163	18.9	13.8	1007.1	1013.3
Tauranga	288	161	20.4	12.3	1011.5	1011.9
Hicks-Bay	346	156	22	14.2	1003.9	1009.1
Port-Taharoa	246	174	18.8	13.7	1011.4	1014.3
Taupo	282	189	18.6	10.4	963.9	1010.9
Gisborne	339	198	23	12.4	1009	1009.5
New-Plymouth	228	208	18.9	14.8	1009.8	1013.3
Hawera	231	227	17.9	13.6	1001.4	1013.1
Whanganui	248	239	18.8	12.1	1011.5	1012.5
Waiouru	265	214	12.6	9	919.6	-999
Napier	307	226	23.7	8.7	1009.2	1009.5
Mahia	336	216	21.1	8.8	994	1009.7
Palmerston-North	270	256	17.7	12.8	1006.1	1011.6
Levin	261	264	18.8	14.1	1010.1	1011.7
Paraparaumu	254	279	18.7	13.6	1010	1010.7
Wellington	246	291	19.8	13.2	1007.6	1009.1
Ngawi	259	302	21.1	11	1006.7	1007.4
Castlepoint	285	276	18.6	11.8	994	1007.8
Westport	158	308	16.7	13.9	1012.7	1013.2
Farewell-Spit	191	262	18.5	12.7	1010.1	1010.5
Nelson	202	290	20.1	10.2	1009.5	1010.1
Stephens-Island	225	265	17.6	13	988	1009.8
Cape-Campbell	231	309	17.1	13.9	1006.5	1007.1
Hokitika	149	330	15.3	15.3	1007.1	1012.6
Kaikoura	213	330	20.5	10.4	993.6	1006
Haast	90	386	14.1	13.9	1011.6	1011.7
Milford-Sound	57	417	14.3	13.2	1009.3	1009.7
Mount-Cook	118	379	17.8	7.1	931.8	-999
Tara-Hills	124	455	21.4	7.3	949.1	1004
Timaru	150	399	19.4	12.2	1000.2	1003.4
Christchurch	186	374	18.7	12.7	1001.1	1005.5
Le-Bons-Bay	198	381	15.5	12.9	977.9	1005.6
Secretary-Island	36	443	14.5	13.7	1007.1	1009.2
Puysegur-Point	32	478	13.7	12.7	1001.4	1006.6
Queenstown	84	430	20.2	9.5	962.8	1003.7
Invercargill	76	483	15.3	12	1003.6	1003.7
Nugget-Point	113	484	15.5	12	987.7	1003.1
Dunedin	131	462	17.2	13.7	1002.6	1002.9
South-West-Cape	55	517	12.3	-999	990	1002.3
Enderby-Island	42	633	8.7	5.4	989.1	993.8
Campbell-Island	107	709	7.2	4.1	981.4	983.2
25 01 2021 1300
47
Cape-Reinga	186	38	21.8	18.5	991.5	1016.2
Kaitaia	203	59	24.2	18.5	1006.5	1015.4
Kerikeri	216	63	26.7	15.3	996.9	1014.1
Whangarei	239	89	25.6	15	1009.2	1013.9
Mokohinau-Islands	251	89	22.6	13.7	1005.4	1013.5
Auckland	249	133	22.5	14.4	1012.5	1013.3
Whitianga	275	128	25.9	11.5	1011.1	1011.6
Hamilton	261	163	23.6	14.1	1005.5	1011.6
Tauranga	288	161	25.4	13.4	1009.9	1010.3
Hicks-Bay	346	156	23.9	15.8	1004.4	1009.6
Port-Taharoa	246	174	20.4	14.2	1010.6	1013.4
Taupo	282	189	21.6	9.6	963.3	1009.8
Gisborne	339	198	23.4	11.9	1008.1	1008.6
New-Plymouth	228	208	20.3	15.9	1009.6	1013.1
Hawera	231	227	20.2	14.5	1001.3	1012.9
Whanganui	248	239	21.2	11.2	1011.3	1012.3
Waiouru	265	214	18.9	11.6	919	-999
Napier	307	226	23.7	12	1008.3	1008.6
Mahia	336	216	21.5	11.8	993.2	1008.8
Palmerston-North	270	256	20.9	15.4	1005.4	1010.8
Levin	261	264	19.5	14.1	1009.9	1011.5
Paraparaumu	254	279	19.2	14.6	1009.7	1010.4
Wellington	246	291	22	13.2	1006.8	1008.3
Ngawi	259	302	22.9	13.1	1006.4	1007.1
Castlepoint	285	276	22.5	12.3	993.7	1007.4
Westport	158	308	18.5	14.7	1012.6	1013.1
Farewell-Spit	191	262	21.4	11.7	1009.4	1009.8
Nelson	202	290	23.8	12.1	1008.4	1009
Stephens-Island	225	265	18.7	15.2	988	1009.7
Cape-Campbell	231	309	18.5	14.3	1005.6	1006.2
Hokitika	149	330	18.2	16.3	1007.4	1012.9
Kaikoura	213	330	21.7	13.3	992.9	1005.3
Haast	90	386	15.4	14.8	1011.4	1011.5
Milford-Sound	57	417	15	13.2	1009.4	1009.8
Mount-Cook	118	379	19.5	5.4	931.5	-999
Tara-Hills	124	455	22.4	6.5	948.5	1003.1
Timaru	150	399	28.6	9.4	997.9	1001
Christchurch	186	374	24.8	11.3	999.4	1003.7
Le-Bons-Bay	198	381	21.1	9.2	976.9	1004
Secretary-Island	36	443	14.6	13.6	1006.2	1008.3
Puysegur-Point	32	478	14.8	13.6	1000.6	1005.8
Queenstown	84	430	22.8	10	962.8	1003.3
Invercargill	76	483	15.7	12.4	1003.6	1003.7
Nugget-Point	113	484	15.8	12.4	987.8	1003.2
Dunedin	131	462	21.2	15.7	1002.2	1002.5
Enderby-Island	42	633	10.4	4.8	992.5	997.2
Campbell-Island	107	709	9.6	5.1	986.4	988.2
25 01 2021 1600
48
Cape-Reinga	186	38	21	18.8	990.4	1015.2
Kaitaia	203	59	23.6	18.6	1005.7	1014.6
Kerikeri	216	63	27.8	16.9	995.9	1013
Whangarei	239	89	26.5	14.6	1008.8	1013.5
Mokohinau-Islands	251	89	24	12.8	1004.9	1012.9
Auckland	249	133	22.9	15.2	1012.4	1013.2
Whitianga	275	128	27.9	12.9	1010.1	1010.6
Hamilton	261	163	25.1	13.7	1005	1011
Tauranga	288	161	30.4	14.3	1008.5	1008.9
Hicks-Bay	346	156	24.5	16.7	1004.1	1009.3
Port-Taharoa	246	174	21.3	14.5	1010.5	1013.3
Taupo	282	189	24.6	14.6	962.4	1008.4
Gisborne	339	198	23.6	13.6	1007.7	1008.2
New-Plymouth	228	208	20.2	15.7	1009.4	1012.9
Hawera	231	227	20.3	13	1001.4	1013
Whanganui	248	239	21.5	11.6	1010.5	1011.5
Waiouru	265	214	21.3	12.3	918.8	-999
Napier	307	226	23.7	14	1007.6	1007.9
Mahia	336	216	21.5	10.4	992.9	1008.5
Palmerston-North	270	256	21.2	14.7	1005.5	1010.9
Levin	261	264	19.3	13.6	1009.6	1011.2
Paraparaumu	254	279	20	14.1	1009.4	1010.1
Wellington	246	291	22.8	12.6	1005.5	1007
Ngawi	259	302	23.3	14.9	1005	1005.7
Castlepoint	285	276	24.9	13.3	992.5	1006
Westport	158	308	19.2	13.9	1011.8	1012.2
Farewell-Spit	191	262	22.8	10.8	1008.2	1008.5
Nelson	202	290	25.7	12.3	1006.7	1007.3
Stephens-Island	225	265	18.4	13.6	986.6	1008.3
Cape-Campbell	231	309	18.3	14.2	1003.1	1003.7
Hokitika	149	330	17.4	14.1	1006.7	1012.2
Kaikoura	213	330	22.8	14.7	991.4	1003.7
Haast	90	386	16.6	14.7	1011	1011.1
Milford-Sound	57	417	15	13.6	1009.6	1010
Mount-Cook	118	379	21.4	5.7	932.1	-999
Tara-Hills	124	455	23.7	7.1	948.8	1003.2
Timaru	150	399	26.4	8.4	998.1	1001.2
Christchurch	186	374	28.3	7.7	998	1002.3
Le-Bons-Bay	198	381	24.7	10.5	975.6	1002.4
Secretary-Island	36	443	15.3	14.5	1006.8	1008.8
Puysegur-Point	32	478	14.9	13.3	1001.4	1006.6
Queenstown	84	430	21.6	7.6	963.3	1004
Invercargill	76	483	15.1	12.2	1004.4	1004.5
Nugget-Point	113	484	15	13	988.2	1003.7
Dunedin	131	462	19.6	14.5	1003.1	1003.4
South-West-Cape	55	517	14.5	-999	992.2	1004.6
Enderby-Island	42	633	10	5	994.3	999
Campbell-Island	107	709	11.1	3.9	990.4	992.2
25 01 2021 1900
48
Cape-Reinga	186	38	20.4	19.1	990.1	1014.9
Kaitaia	203	59	21.4	17.7	1005.7	1014.7
Kerikeri	216	63	24.1	14.9	996.3	1013.7
Whangarei	239	89	23.3	16.8	1008.9	1013.6
Mokohinau-Islands	251	89	21.9	14.2	1004.7	1012.8
Auckland	249	133	21.1	14.5	1012	1012.9
Whitianga	275	128	24.4	12.4	1010.5	1011
Hamilton	261	163	21.9	14.2	1005.7	1011.8
Tauranga	288	161	27.2	12.2	1008.5	1008.9
Hicks-Bay	346	156	21.4	16.8	1003.9	1009.1
Port-Taharoa	246	174	20.2	15.2	1010.1	1012.9
Taupo	282	189	23.1	15.3	962.7	1009
Gisborne	339	198	22.4	14.8	1007.8	1008.3
New-Plymouth	228	208	19.2	15.9	1009.2	1012.7
Hawera	231	227	20	11.4	999.6	1011.2
Whanganui	248	239	21.2	11.5	1009.3	1010.3
Waiouru	265	214	19.7	9.6	918.3	-999
Napier	307	226	22	14.7	1007.8	1008.1
Mahia	336	216	20.2	13.7	992.9	1008.6
Palmerston-North	270	256	19.4	13.1	1004.7	1010.1
Levin	261	264	18.8	13.3	1009.5	1011.1
Paraparaumu	254	279	18.8	12.8	1009.2	1009.9
Wellington	246	291	19.4	13.4	1005.5	1007
Ngawi	259	302	24.2	10.6	1003.8	1004.5
Castlepoint	285	276	20.3	10.4	991.3	1005
Westport	158	308	18.6	13.6	1011.3	1011.7
Farewell-Spit	191	262	19.5	10.8	1007.7	1008.1
Nelson	202	290	21	14.4	1006.4	1007
Stephens-Island	225	265	16.4	11.8	985.5	1007.4
Cape-Campbell	231	309	17.7	14.5	1002.1	1002.7
Hokitika	149	330	16.6	14.7	1006.5	1012
Kaikoura	213	330	19	14.6	991.6	1004.1
Haast	90	386	15.2	14	1011.4	1011.5
Milford-Sound	57	417	14	12.5	1011	1011.4
Mount-Cook	118	379	21.2	6.1	931.8	-999
Tara-Hills	124	455	22.8	7.1	949.7	1004.3
Timaru	150	399	17.6	12.6	1003.5	1006.7
Christchurch	186	374	27	7.8	998.7	1003
Le-Bons-Bay	198	381	26	8.5	976	1002.7
Secretary-Island	36	443	14.7	13.8	1007.3	1009.4
Puysegur-Point	32	478	15.3	13.5	1000.5	1005.7
Queenstown	84	430	19.9	9.1	964.5	1005.5
Invercargill	76	483	14.9	12.1	1004.5	1004.6
Nugget-Point	113	484	13.7	12.3	989.3	1004.8
Dunedin	131	462	15.9	13.9	1005	1005.3
South-West-Cape	55	517	12.3	-999	991.2	1003.5
Enderby-Island	42	633	10.9	5.5	993.9	998.6
Campbell-Island	107	709	9.6	3.3	991.9	993.7
25 01 2021 2200
47
Cape-Reinga	186	38	18.5	18.2	991	1016
Kaitaia	203	59	20.5	18.2	1006.7	1015.7
Kerikeri	216	63	20.1	17	997.6	1015.1
Whangarei	239	89	21.5	17.8	1010.2	1015
Mokohinau-Islands	251	89	20	16.1	1005.9	1014.1
Auckland	249	133	19.8	16.6	1013.2	1014.1
Whitianga	275	128	20.4	11.7	1011.6	1012.1
Hamilton	261	163	15.9	13.2	1007.2	1013.5
Tauranga	288	161	21	13.3	1010.4	1010.8
Hicks-Bay	346	156	17.6	15.1	1004.7	1010
Port-Taharoa	246	174	18.9	14.9	1011	1013.9
Taupo	282	189	18.9	12.2	964.5	1011.5
Gisborne	339	198	17.2	15.5	1008.9	1009.4
New-Plymouth	228	208	18	16.3	1010	1013.5
Hawera	231	227	18.3	15.7	1001.1	1012.7
Whanganui	248	239	20	13.2	1011.2	1012.2
Waiouru	265	214	14	11.2	919.8	-999
Napier	307	226	17.3	14.1	1008.7	1009
Mahia	336	216	17.8	15.1	993.6	1009.4
Palmerston-North	270	256	16.5	12.2	1006	1011.5
Levin	261	264	17.4	13.4	1010.3	1011.9
Paraparaumu	254	279	17.9	13.7	1010.2	1010.9
Wellington	246	291	17.5	13.2	1007.5	1009
Ngawi	259	302	21.7	10.5	1005.4	1006.1
Castlepoint	285	276	17.3	10.1	993.4	1007.3
Westport	158	308	14.8	12.5	1012.1	1012.6
Farewell-Spit	191	262	17.1	12.3	1008.4	1008.8
Nelson	202	290	22.6	10.7	1007.6	1008.2
Stephens-Island	225	265	14.8	13.6	986.7	1008.7
Cape-Campbell	231	309	17	13.9	1005.2	1005.8
Hokitika	149	330	15.8	14	1007.4	1012.9
Kaikoura	213	330	18	14.3	994	1006.6
Haast	90	386	15.1	13.7	1012.4	1012.5
Milford-Sound	57	417	13.3	12.7	1011.7	1012.1
Mount-Cook	118	379	17.8	8	933.8	-999
Tara-Hills	124	455	17.1	9.2	951.7	1007.5
Timaru	150	399	14.9	12	1006.9	1010.2
Christchurch	186	374	15.6	12.3	1004	1008.5
Le-Bons-Bay	198	381	13.6	12.1	981	1009
Secretary-Island	36	443	14.5	12.3	1007.1	1009.2
Puysegur-Point	32	478	16.4	12.1	998.3	1003.5
Queenstown	84	430	16.8	10.3	965.8	1007.3
Invercargill	76	483	13.4	12.2	1004.3	1004.4
Nugget-Point	113	484	14.1	12.2	991.1	1006.7
Dunedin	131	462	14.1	13	1006.3	1006.6
Enderby-Island	42	633	8.5	7	993.6	998.3
Campbell-Island	107	709	7.9	3.2	993.3	995.1
26 01 2021 100
46
Cape-Reinga	186	38	18.7	18.3	990.9	1015.9
Kaitaia	203	59	20.1	17.7	1006.4	1015.4
Kerikeri	216	63	19.2	16.9	997	1014.6
Whangarei	239	89	20.8	17.9	1010	1014.8
Mokohinau-Islands	251	89	20	17.6	1005.2	1013.3
Auckland	249	133	20.2	18	1013.1	1014
Whitianga	275	128	19.3	15.2	1012.5	1013
Hamilton	261	163	14.4	12.9	1007.3	1013.6
Tauranga	288	161	18	12.8	1011.1	1011.5
Hicks-Bay	346	156	18.3	16.4	1004.3	1009.6
Port-Taharoa	246	174	19.1	17.8	1010.8	1013.7
Taupo	282	189	16.4	12.9	964.8	1012.2
Gisborne	339	198	14.4	13.4	1008.5	1009
New-Plymouth	228	208	17.6	17	1009.8	1013.3
Hawera	231	227	16.6	15.1	1001	1012.7
Whanganui	248	239	18.8	14.5	1010.9	1011.9
Waiouru	265	214	11.3	10.9	919.7	-999
Napier	307	226	22.3	11.5	1008.8	1009.1
Mahia	336	216	17.3	15.6	993.4	1009.3
Palmerston-North	270	256	18.4	15.2	1006.4	1011.9
Levin	261	264	17.3	15.4	1010.3	1011.9
Paraparaumu	254	279	17.3	15.2	1010.7	1011.4
Wellington	246	291	17.8	14.3	1008.7	1010.2
Ngawi	259	302	20.1	12.2	1007.8	1008.5
Castlepoint	285	276	17.7	14.1	993.5	1007.4
Westport	158	308	12.8	11.7	1012.9	1013.4
Farewell-Spit	191	262	17	12.5	1009.6	1010
Nelson	202	290	19.3	11.5	1008.3	1008.9
Cape-Campbell	231	309	16.2	14.5	1009.4	1010
Hokitika	149	330	14.6	14.6	1008.2	1013.7
Kaikoura	213	330	15.4	13.7	996.8	1009.5
Haast	90	386	14	13.1	1012.8	1012.9
Milford-Sound	57	417	12.2	11.9	1012	1012.4
Mount-Cook	118	379	21.7	7.2	933.3	-999
Tara-Hills	124	455	15.2	8.5	951.4	1007.6
Timaru	150	399	14.7	12.3	1005.8	1009.1
Christchurch	186	374	13.3	11	1006.1	1010.6
Le-Bons-Bay	198	381	12.3	11.2	983.1	1011.3
Secretary-Island	36	443	15.5	12.4	1007.2	1009.2
Puysegur-Point	32	478	18.1	10.7	997.6	1002.7
Queenstown	84	430	15.6	9.9	965.6	1007.2
Invercargill	76	483	12.9	11.5	1002.1	1002.2
Nugget-Point	113	484	13	13	988.6	1004.2
Dunedin	131	462	12.2	11.7	1004.4	1004.7
Enderby-Island	42	633	10.2	10.1	990.7	995.4
Campbell-Island	107	709	7.7	3.9	993.9	995.7
26 01 2021 400
47
Cape-Reinga	186	38	18.1	17.7	989.7	1014.7
Kaitaia	203	59	19.8	16.8	1005.4	1014.4
Kerikeri	216	63	17.6	15.8	996.4	1014.1
Whangarei	239	89	20.4	17.2	1009.2	1014
Mokohinau-Islands	251	89	19.9	16.5	1005.1	1013.2
Auckland	249	133	19.6	17.5	1012.6	1013.5
Whitianga	275	128	19.9	16	1010.6	1011.1
Hamilton	261	163	13.8	13.1	1006.6	1012.9
Tauranga	288	161	17.5	13.9	1011	1011.4
Hicks-Bay	346	156	15.5	13.8	1003.5	1008.8
Port-Taharoa	246	174	18.7	16.6	1010.4	1013.3
Taupo	282	189	15.6	13.6	964.5	1012.1
Gisborne	339	198	14.3	13.6	1009	1009.5
New-Plymouth	228	208	17.1	16.5	1009.1	1012.6
Hawera	231	227	16.5	15.5	1001	1012.7
Whanganui	248	239	18	13.4	1011.2	1012.2
Waiouru	265	214	9.7	9.2	919.8	-999
Napier	307	226	14.8	11.8	1009.9	1010.2
Mahia	336	216	18.7	11.8	993.9	1009.7
Palmerston-North	270	256	17.9	15.7	1006.9	1012.4
Levin	261	264	17.7	15.8	1010.6	1012.2
Paraparaumu	254	279	17.5	15.7	1010.8	1011.5
Wellington	246	291	16.7	14.8	1009.6	1011.1
Ngawi	259	302	19	12.2	1009.5	1010.2
Castlepoint	285	276	18.4	14.5	995.3	1009.2
Westport	158	308	12.6	11.3	1012.8	1013.3
Farewell-Spit	191	262	15.9	13	1009.5	1009.9
Nelson	202	290	19.1	10.5	1009	1009.6
Cape-Campbell	231	309	16	13.6	1010.2	1010.8
Hokitika	149	330	12.3	12.3	1008.3	1013.9
Kaikoura	213	330	14.1	13.3	997.1	1009.9
Haast	90	386	12.8	12.2	1013.5	1013.6
Milford-Sound	57	417	12.2	11.9	1012.4	1012.8
Mount-Cook	118	379	22.8	4.1	933.8	-999
Tara-Hills	124	455	13	8.7	950.7	1007.3
Timaru	150	399	12.3	10.8	1003.9	1007.2
Christchurch	186	374	14.1	12.4	1004.5	1009
Le-Bons-Bay	198	381	12	11.4	981.4	1009.6
Secretary-Island	36	443	16.2	12.1	1006.7	1008.7
Puysegur-Point	32	478	19.1	11.4	995.5	1000.6
Queenstown	84	430	13	9.8	965.1	1007.1
Invercargill	76	483	15.8	10.2	1000.8	1000.9
Nugget-Point	113	484	12.6	12.6	987	1002.6
Dunedin	131	462	12.7	12	1003.1	1003.4
South-West-Cape	55	517	9.5	6.8	986.5	998.5
Enderby-Island	42	633	11.5	11.5	987.4	992.1
Campbell-Island	107	709	8.1	5.6	992.6	994.4
26 01 2021 700
46
Cape-Reinga	186	38	18.2	16.9	990.3	1015.3
Kaitaia	203	59	18.5	15.6	1006.1	1015.2
Kerikeri	216	63	16.4	14.8	997.2	1015
Whangarei	239	89	19.5	16.2	1009.7	1014.5
Auckland	249	133	19.4	16.4	1012.5	1013.4
Whitianga	275	128	19.3	14.8	1012.2	1012.7
Hamilton	261	163	14.3	13.6	1007.3	1013.6
Tauranga	288	161	18	15.4	1011.9	1012.3
Hicks-Bay	346	156	17.9	14.7	1005	1010.3
Port-Taharoa	246	174	18.9	17.3	1010.9	1013.8
Taupo	282	189	14.4	11.7	965.6	1013.4
Gisborne	339	198	14.4	13.8	1010.7	1011.2
New-Plymouth	228	208	15.1	13.8	1009.8	1013.3
Hawera	231	227	16	15	1001.6	1013.3
Whanganui	248	239	18.1	13.6	1012.3	1013.3
Waiouru	265	214	8.7	8.3	920.5	-999
Napier	307	226	14.1	11.6	1011.8	1012
Mahia	336	216	17.8	14.5	995.7	1011.6
Palmerston-North	270	256	17.8	15	1007.6	1013.1
Levin	261	264	17.4	15.9	1011.7	1013.3
Paraparaumu	254	279	17.5	15.6	1012	1012.6
Wellington	246	291	17.3	15.1	1010.3	1011.8
Ngawi	259	302	16.9	13.5	1010.2	1010.9
Castlepoint	285	276	18	14.3	997	1010.9
Westport	158	308	13.1	11.3	1013.9	1014.4
Farewell-Spit	191	262	14	12.2	1011.1	1011.5
Nelson	202	290	16	11.5	1010.4	1011
Stephens-Island	225	265	15.2	14.5	989.3	1011.3
Cape-Campbell	231	309	14.8	13.6	1010.1	1010.7
Hokitika	149	330	11.7	11.7	1008.7	1014.4
Kaikoura	213	330	13.7	13.1	997	1009.8
Haast	90	386	13	12.1	1013.8	1013.9
Milford-Sound	57	417	12	11.7	1011.6	1012
Mount-Cook	118	379	23.3	-3.2	933.2	-999
Tara-Hills	124	455	15	4.1	951	1007.2
Timaru	150	399	12.2	11.6	1001.8	1005.1
Christchurch	186	374	14.3	12.8	1003.4	1007.9
Le-Bons-Bay	198	381	13.4	11.1	979.6	1007.6
Secretary-Island	36	443	16.8	12	1005.9	1007.9
Puysegur-Point	32	478	20.6	13.9	995.2	1000.3
Queenstown	84	430	14.2	9.5	965.2	1007
Invercargill	76	483	17.3	9.7	1000.9	1001
Nugget-Point	113	484	13.1	12.6	986	1001.5
Dunedin	131	462	12.5	12	1001.9	1002.2
Enderby-Island	42	633	11.6	11.6	986.5	991.1
Campbell-Island	107	709	7.6	6	991.4	993.2
26 01 2021 1000
47
Cape-Reinga	186	38	20.6	16.3	991.3	1016.1
Kaitaia	203	59	22.7	15.1	1006.7	1015.6
Kerikeri	216	63	22.5	14.8	998	1015.5
Whangarei	239	89	22.4	16.1	1010.8	1015.5
Mokohinau-Islands	251	89	19.5	15.9	1007.3	1015.5
Auckland	249	133	20.8	16.2	1014.2	1015.1
Whitianga	275	128	23.5	15.8	1013.3	1013.8
Hamilton	261	163	21.9	17	1008	1014.1
Tauranga	288	161	23.5	15.6	1012.1	1012.5
Hicks-Bay	346	156	24.5	15.5	1006.7	1011.9
Port-Taharoa	246	174	19.5	16.8	1012.2	1015.1
Taupo	282	189	18.7	12.5	966.8	1014
Gisborne	339	198	23.1	15.2	1012.8	1013.3
New-Plymouth	228	208	20.5	17.1	1011.1	1014.6
Hawera	231	227	18.9	15.4	1002.8	1014.4
Whanganui	248	239	20.1	13.6	1013.3	1014.3
Waiouru	265	214	16.4	11	921.4	-999
Napier	307	226	24.9	12.1	1013.1	1013.4
Mahia	336	216	21.7	15.2	997.6	1013.3
Palmerston-North	270	256	20.3	15.4	1008.7	1014.1
Levin	261	264	20.8	15.9	1012.4	1014
Paraparaumu	254	279	19.9	16.7	1012.8	1013.5
Wellington	246	291	21	16	1010.6	1012.1
Ngawi	259	302	21.6	14.7	1009.7	1010.4
Castlepoint	285	276	22.9	15	998.3	1012
Westport	158	308	19.5	13.7	1014	1014.4
Farewell-Spit	191	262	22.1	14.6	1012	1012.4
Nelson	202	290	20.7	15.8	1011.9	1012.5
Stephens-Island	225	265	17.8	15.3	991	1012.9
Cape-Campbell	231	309	17	14.6	1010.2	1010.8
Hokitika	149	330	18.7	13.4	1009.3	1014.8
Kaikoura	213	330	18.7	14.2	995.5	1008
Haast	90	386	16.7	13.3	1014.1	1014.2
Milford-Sound	57	417	13.4	12.9	1012.1	1012.5
Mount-Cook	118	379	27.5	0	933.5	-999
Tara-Hills	124	455	25.7	5.7	951.5	1005.7
Timaru	150	399	18.2	14.1	1000.2	1003.4
Christchurch	186	374	19.8	13.7	1002.2	1006.6
Le-Bons-Bay	198	381	17.1	12.6	978.5	1006.1
Secretary-Island	36	443	17.2	12.6	1007.1	1009.1
Puysegur-Point	32	478	20.3	14.1	996.5	1001.6
Queenstown	84	430	22.2	9.6	966	1006.7
Invercargill	76	483	23.4	13.4	1000.6	1000.7
Nugget-Point	113	484	17.5	12.2	985.8	1001.1
Dunedin	131	462	18.7	15.3	1002.2	1002.5
Enderby-Island	42	633	11.9	11.9	987.5	992.1
Campbell-Island	107	709	8	7.7	990.8	992.6
26 01 2021 1300
48
Cape-Reinga	186	38	23.2	16.2	991.3	1015.9
Kaitaia	203	59	26.3	15.9	1006.2	1015
Kerikeri	216	63	26.3	14.3	997.6	1014.9
Whangarei	239	89	24.7	16.4	1010.4	1015.1
Mokohinau-Islands	251	89	21.5	16.5	1007	1015.1
Auckland	249	133	21.3	17.6	1014.4	1015.3
Whitianga	275	128	26.8	16	1012.6	1013.1
Hamilton	261	163	25.5	16.6	1007.4	1013.5
Tauranga	288	161	29.6	13.5	1011.6	1012
Hicks-Bay	346	156	24.3	17.3	1007.5	1012.7
Port-Taharoa	246	174	21.5	17.3	1011.9	1014.7
Taupo	282	189	22.2	12	966.1	1012.7
Gisborne	339	198	24.3	15.5	1012.9	1013.4
New-Plymouth	228	208	21.3	17.8	1010.7	1014.2
Hawera	231	227	20.7	16.9	1002.6	1014.2
Whanganui	248	239	22	15.5	1012.5	1013.5
Waiouru	265	214	22.8	12.8	921.2	-999
Napier	307	226	24.5	15.2	1012.5	1012.8
Mahia	336	216	22.7	14.3	997.8	1013.4
Palmerston-North	270	256	24.3	16.7	1007.7	1013.1
Levin	261	264	22.6	16	1012.4	1014
Paraparaumu	254	279	21.3	15.9	1013	1013.7
Wellington	246	291	23	15.8	1010.5	1012
Ngawi	259	302	25.3	15.3	1009.5	1010.2
Castlepoint	285	276	21.5	15.1	997.8	1011.6
Westport	158	308	20.6	15.6	1013.7	1014.1
Farewell-Spit	191	262	23.9	14.2	1012	1012.3
Nelson	202	290	22.1	17.6	1011.7	1012.3
Stephens-Island	225	265	20.9	13.4	991	1012.6
Cape-Campbell	231	309	18.2	14.8	1009.3	1009.9
Hokitika	149	330	18.5	13.5	1009.7	1015.2
Kaikoura	213	330	26.4	13.6	994.5	1006.7
Haast	90	386	16.7	14.6	1015	1015.1
Milford-Sound	57	417	14.5	14	1012.2	1012.6
Mount-Cook	118	379	28.4	-1.9	933.3	-999
Tara-Hills	124	455	28.4	5.6	951.3	1005
Timaru	150	399	36.8	7.1	998.6	1001.6
Christchurch	186	374	26.2	15.1	1000.5	1004.8
Le-Bons-Bay	198	381	20.4	13.1	978.3	1005.5
Secretary-Island	36	443	16.5	13.5	1007.6	1009.6
Puysegur-Point	32	478	21	14.6	995.9	1001
Queenstown	84	430	25.3	11.9	965.8	1006.1
Invercargill	76	483	26.1	14.1	1000.8	1000.9
Nugget-Point	113	484	27	13.2	985.4	1000.2
Dunedin	131	462	25.2	14.8	1002	1002.3
South-West-Cape	55	517	20.2	-999	986.4	998.4
Enderby-Island	42	633	12	12	987.6	992.2
Campbell-Island	107	709	9.1	8.9	989.9	991.7
